000000000000000000000000000000
000000000000000000000000000000
000000000000000000000000000000
000000000000000000000000000000
000000000000000000000000000000
000000001100000000000000000000
000000000100000000000000000000
000000000110000000000000000000
000000000011000000000000000000
000011111101100000000000000000
0000000001001000000t0000000000
000000000100110000000000000000
000011110100011000000000000000
000000010100001000000000000000
000000010100001100000000000000
0000s0010100000110000000000000
000000010100000010000000000000
000011110100000000000000000000
000000000100000000000000000000
000011111100000000000000000000