00000000000000000000000000000000000000000000000000
00000000000000000000000000000000000000000000000000
00000000000000000000000111111111111111111111100000
00000000000000000000000100000000000000000000000000
00000100000000000000000100000000000000000000000000
00000110000000000000000100000000111111111111100000
00000011000000000000000100000000100000000000000000
00000001100000000000000100000000100000000000000000
00000000110000000000000100000000100000000011100000
00000000011000000000000100000000100000000010000000
00000000001000000000000100000000100000000010s00000
00000000001100000000000100000000100000000010000000
00000000000110000000000100000000100000000011100000
00000000000111000000000100000000100000000000000000
00000000000001100000000100000000100000000000000000
00000000000111110000000100000000111111111111100000
00000000001100011000000100000000000000000000000000
00000000011000001110000100000000000000000000000000
00000000110000000011100111111111111111111111100000
00000111100000000000110000000000000000000000000000
00001100000000000000000000000000000000000000000000
00110000000000000000000000000000000000000000000000
01100000000000000000000000000000000000000000000000
01000000000000000000000000000000000000000000000000
00000000000000000000000000000000000000000000000000
00000000000000000000000000000000000000000000000000
00000000000000000000000000000000000000000000000000
00000000000000000000000000000000000000000000000000
00000000000000000000000000000000000000000000000000
t0000000000000000000000000000000000000000000000000