000000000000000000000000000000000000000000000000000000000000
000000000000000000000000000000000000000000000000000000000000
000000000000000000000000000000000000000000000000000000000000
000000000000000000000000000000000000000000000000000000000000
000000000000000000000000000000000000000000000000000000000000
000000000000000000000011000000000000000000000000000000000000
000000000000000000011111100000000000000000000000000000000000
000000000000000000011100100000000000000000000000000000000000
000000000000000000110000100000000000000000000000000000000000
000000000000000011100000100000000000000000000000000000000000
00000000000000011000000010000t000000000000000000000000000000
000000000000000100000000100000000000000000000000000000000000
000000000000001100000000100000000000000000000000000000000000
000000000000011000000000111111111100000000000000000000000000
000000000000110000000000000000001100000000000000000000000000
000000000001100000000000000000011000000000000000000000000000
000000000011000000000000000000110000000000000000000000000000
000000000010000000000000000001100000000000000000000000000000
000000000110000000000000000001000000000000000000000000000000
000000001100000000000000000011000000000000000000000000000000
000000011000000000000000000110000000000000000000000000000000
000000010000000000000000001100000000000000000000000000000000
000000110000000000000000011000000000000000000000000000000000
000000111111111100000000110000000000000000000000000000000000
000000000000000100000000100000000000000000000000000000000000
000000000000000100000001100000000000000000000000000000000000
000000000000000100000011000000000000000000000000000000000000
000000000000000100000010000000000000000000000000000000000000
000000000000000100000100000000000000000000000000000000000000
000000000000000100001100000000000000000000000000000000000000
000000000s00000100011000000000000000000000000000000000000000
000000000000000100110000000000000000000000000000000000000000
000000000000000101100000000000000000000000000000000000000000
000000000000000101000000000000000000000000000000000000000000
000000000000000111000000000000000000000000000000000000000000
000000000000000110000000000000000000000000000000000000000000
000000000000000000000000000000000000000000000000000000000000
000000000000000000000000000000000000000000000000000000000000
000000000000000000000000000000000000000000000000000000000000
000000000000000000000000000000000000000000000000000000000000